[app/ui]
version = 6.5.2
modtime = 1491666194.651469000

[app/launcher]
version = 6.5.2
modtime = 1491666194.654090000

[nav/default]
version = 6.5.2
modtime = 1491666251.726133000
